image: corridor_0.005.pgm
resolution: 0.005000
origin: [-11.560000, -12.040000, 0.000000]
negate: 0
occupied_thresh: 0.65
free_thresh: 0.196

