image: corridor_0.01.pgm
resolution: 0.010000
#origin: [-11.560000, -12.200000, 0.000000]
origin: [0.000, 0.0000, 0.000000]
negate: 0
occupied_thresh: 0.65
free_thresh: 0.196

