image: corridor_rtabmap_0.01.pgm
resolution: 0.010000
origin: [-10.105000, -10.105000, 0.000000]
negate: 0
occupied_thresh: 0.65
free_thresh: 0.196

