image: csal_rtabmap_exp_f2f_0.01.pgm
resolution: 0.010000
origin: [-2.028963, -7.478061, 0.000000]
negate: 0
occupied_thresh: 0.65
free_thresh: 0.196

