image: csal_rtabmap_exp_b_single_0.01.pgm
resolution: 0.010000
origin: [-1.853803, -7.074077, 0.000000]
negate: 0
occupied_thresh: 0.65
free_thresh: 0.196

