image: csal_rtabmap_exp_1_0.01.pgm
resolution: 0.010000
origin: [-1.737893, -5.522632, 0.000000]
negate: 0
occupied_thresh: 0.65
free_thresh: 0.196

