image: csal_rtabmap_exp_horizontal_0.01.pgm
resolution: 0.010000
origin: [-1.859590, -7.208181, 0.000000]
negate: 0
occupied_thresh: 0.65
free_thresh: 0.196

