image: csal_karto_0.02.pgm
resolution: 0.020000
origin: [-15.267880, -7.916008, 0.000000]
negate: 0
occupied_thresh: 0.65
free_thresh: 0.196

