image: csal_072020_0.01.pgm
resolution: 0.010000
origin: [-5.141746, -4.631497, 0.000000]
negate: 0
occupied_thresh: 0.65
free_thresh: 0.196

