image: csal_rtabmap_exp_3_0.01.pgm
resolution: 0.010000
origin: [-1.792231, -6.862545, 0.000000]
negate: 0
occupied_thresh: 0.65
free_thresh: 0.196

