image: csal_gmapping_0.02.pgm
resolution: 0.020000
origin: [-17.000000, -11.240000, 0.000000]
negate: 0
occupied_thresh: 0.65
free_thresh: 0.196

