image: csal_karto2_0.01.pgm
resolution: 0.010000
origin: [-25.960000, -17.320000, 0.000000]
negate: 0
occupied_thresh: 0.65
free_thresh: 0.196

