image: csal_24072020_0.01.pgm
resolution: 0.010000
#origin: [-4.385493, -1.990023, 0.000000]
origin: [0.0, 0.0, 0.0]
negate: 0
occupied_thresh: 0.65
free_thresh: 0.196

