image: cylinder_0.01.pgm
resolution: 0.010000
#origin: [-8.586150, -9.976414, 0.000000]
origin: [0.0, 0.0, 0.000000]
negate: 0
occupied_thresh: 0.65
free_thresh: 0.196

