image: fmt_home_karto3_0.01.pgm
resolution: 0.010000
#origin: [-14.440000, -24.040000, 0.000000]
origin: [0.000000, 0.000000, 0.000000]
negate: 0
occupied_thresh: 0.65
free_thresh: 0.196

