image: gamma_0.025.pgm
resolution: 0.025000
#origin: [-13.000000, -12.200000, 0.000000]
origin: [0.000000, 0.00000, 0.000000]
negate: 0
occupied_thresh: 0.65
free_thresh: 0.196

