image: home_karto_0.01.pgm
resolution: 0.010000
#origin: [-11.613582, -12.422026, 0.000000]
origin: [0.0, 0.0, 0.000000]
negate: 0
occupied_thresh: 0.65
free_thresh: 0.196

