image: square_0.025.pgm
resolution: 0.025000
#origin: [-11.400000, -11.400000, 0.000000]
origin: [0.0000, 0.0000, 0.000000]
negate: 0
occupied_thresh: 0.65
free_thresh: 0.196

