image: thmmy_lib_tb_0.01.pgm
resolution: 0.010000
#origin: [-5.287398, -6.674263, 0.000000]
origin: [0.0,0.0,0.0]
negate: 0
occupied_thresh: 0.65
free_thresh: 0.196

