image: vergina_22_12_06_0.02.pgm
resolution: 0.020000
#origin: [-6.148869, -10.682004, 0.000000]
origin: [0,0,0]
negate: 0
occupied_thresh: 0.65
free_thresh: 0.196

