image: warehouse_gmapping_0.01.pgm
resolution: 0.010000
origin: [-12.200000, -13.160000, 0.000000]
negate: 0
occupied_thresh: 0.65
free_thresh: 0.196

